9.728050231933593750e-01 5.320643186569213867e-01 -1.036695003509521484e+00
3.149056434631347656e-01 -2.603669464588165283e-01 -3.578682243824005127e-02
3.143692612648010254e-01 -2.408769130706787109e+00 1.172066211700439453e+00
5.362811088562011719e-01 -1.325335621833801270e+00 3.105185925960540771e-01
1.299707531929016113e+00 -1.341718196868896484e+00 1.355427503585815430e-02
6.757280230522155762e-01 1.616482019424438477e+00 -1.576710224151611328e+00
2.010284513235092163e-01 9.319409132003784180e-01 -7.885440587997436523e-01
9.500571489334106445e-01 -8.538727760314941406e-01 -1.440471559762954712e-01
6.314656734466552734e-01 1.425327062606811523e+00 -1.167641520500183105e+00
3.284373879432678223e-01 2.997237741947174072e-01 -5.548316240310668945e-01
6.978874802589416504e-01 1.461161524057388306e-01 -3.111034035682678223e-01
5.164879560470581055e-01 -1.341156959533691406e+00 2.090215981006622314e-01
8.823585510253906250e-01 -2.994231224060058594e+00 1.095510721206665039e+00
2.552292943000793457e-01 -7.757761478424072266e-01 1.200318336486816406e-01
7.455937862396240234e-01 2.261935323476791382e-01 -6.303298473358154297e-01
1.115764737129211426e+00 -5.615806579589843750e-01 -2.885248959064483643e-01
7.322002053260803223e-01 1.539011001586914062e+00 -1.313770055770874023e+00
2.407925873994827271e-01 -2.036101579666137695e+00 8.294430971145629883e-01
1.032135605812072754e+00 -1.991453647613525391e+00 4.648905694484710693e-01
8.660531044006347656e-01 -8.995653390884399414e-01 -1.681957542896270752e-01
9.627188444137573242e-01 -3.309140205383300781e-01 -3.980388343334197998e-01
7.447308301925659180e-01 -2.497667789459228516e+00 9.032008647918701172e-01
4.374449253082275391e-01 -1.802246809005737305e+00 6.924818754196166992e-01
3.876874446868896484e-01 -2.003375142812728882e-01 -2.257990837097167969e-02
4.886181354522705078e-01 1.912771701812744141e+00 -1.758668899536132812e+00
4.198948144912719727e-01 -1.813257455825805664e+00 7.036162614822387695e-01
2.433081120252609253e-01 -8.975038528442382812e-01 2.894608974456787109e-01
1.680832654237747192e-01 4.550112485885620117e-01 -4.103123247623443604e-01
6.224963665008544922e-01 -2.303556919097900391e+00 7.731812000274658203e-01
6.561307907104492188e-01 -2.100734710693359375e+00 4.814622104167938232e-01
1.005383253097534180e+00 -1.244486421346664429e-01 -5.751059055328369141e-01
1.665515750646591187e-01 -1.907505750656127930e+00 9.500901699066162109e-01
1.137799382209777832e+00 -1.215570926666259766e+00 -4.419968426227569580e-01
2.665515244007110596e-02 -2.760309219360351562e+00 1.490795493125915527e+00
2.950375676155090332e-01 -1.839795827865600586e+00 8.332982063293457031e-01
1.020850181579589844e+00 5.092738568782806396e-02 -8.080583810806274414e-01
1.836480051279067993e-01 -7.047419548034667969e-01 2.413165271282196045e-01
9.064639806747436523e-01 -1.562514305114746094e+00 5.385605096817016602e-01
8.713002204895019531e-01 -1.687828660011291504e+00 1.541730761528015137e-01
4.166598916053771973e-01 -1.170686721801757812e+00 3.509391248226165771e-01
7.839539051055908203e-01 4.437146186828613281e-01 -6.436192989349365234e-01
9.262028336524963379e-02 -1.210536479949951172e+00 4.789238274097442627e-01
1.119857579469680786e-01 2.466218948364257812e+00 -1.502755880355834961e+00
6.518530249595642090e-01 5.811232566833496094e+00 -3.635097265243530273e+00
1.034328937530517578e+00 -6.757264137268066406e-01 -5.128970146179199219e-01
2.644635438919067383e-01 6.131096482276916504e-01 -8.053767681121826172e-01
1.479595452547073364e-01 4.377853870391845703e+00 -2.511247158050537109e+00
6.250708103179931641e-01 2.095699787139892578e+00 -1.613632917404174805e+00
5.114783048629760742e-01 3.565825700759887695e+00 -2.339260339736938477e+00
3.980149626731872559e-01 -1.644198894500732422e+00 3.691444694995880127e-01
3.814229965209960938e-01 3.640062808990478516e-01 -6.918956041336059570e-01
7.090458273887634277e-01 2.147767543792724609e+00 -1.694585442543029785e+00
6.008456349372863770e-01 -2.154909223318099976e-01 -4.592620432376861572e-01
9.933676719665527344e-01 -6.320034861564636230e-01 -4.270694553852081299e-01
6.359866261482238770e-01 5.451446175575256348e-01 -6.791692972183227539e-01
7.458441257476806641e-01 1.776233434677124023e+00 -1.509980559349060059e+00
4.683223366737365723e-01 2.232626438140869141e+00 -1.844853878021240234e+00
7.466487884521484375e-01 7.356335520744323730e-01 -9.662663936614990234e-01
4.694882035255432129e-01 3.034186840057373047e+00 -2.101480007171630859e+00
9.207402467727661133e-01 5.049366474151611328e+00 -3.682213783264160156e+00
6.389434635639190674e-02 1.861587285995483398e+00 -1.285513520240783691e+00
5.410792827606201172e-01 -4.585965275764465332e-01 -3.511121273040771484e-01
1.007429361343383789e+00 2.440607786178588867e+00 -1.996757745742797852e+00
7.421747446060180664e-01 4.848636090755462646e-01 -1.015706539154052734e+00
